k = 10:

First 50 - A
4
9
33
41
43
88
135
211
216
251

First 100 - A
4
9
33
34
40
41
43
44
46
50

First 150 - A
4
9
33
34
40
41
43
44
46
50

First 100 - B
3
5
19
44
45
57
59
74
75
90

First 200 - B
3
4
5
8
10
19
35
37
39
42

First 300 - B
0
3
4
5
5
8
10
19
35
35

First 200 - C
0
9
12
23
29
29
32
37
42
46

First 400 - C
0
0
7
9
12
12
12
13
22
23

First 600 - C
0
0
4
7
9
11
12
12
12
13


k = 50:

First 50 - A
4
9
33
41
43
88
135
211
216
251
276
311
329
358
378
420
440
459
459
468
470
475
507
544
555
590
599
611
616
641
649
661
701
709
716
732
741
769
769
789
790
813
813
841
861
902
924
933
971
978

First 100 - A
4
9
33
34
40
41
43
44
46
50
55
67
88
90
108
119
135
137
150
184
211
216
226
233
251
263
273
276
285
309
311
317
329
334
358
378
384
406
420
432
440
452
452
459
459
468
470
475
507
534

First 150 - A
4
9
33
34
40
41
43
44
46
50
55
67
77
88
90
103
105
108
108
119
135
137
150
156
184
185
210
211
215
216
223
226
228
233
241
251
263
273
276
285
289
306
309
311
314
314
317
329
334
335

First 100 - B
3
5
19
44
45
57
59
74
75
90
94
96
113
128
134
142
143
164
165
203
209
234
239
256
265
271
277
303
311
320
326
333
346
354
355
365
376
380
381
382
393
403
409
410
423
444
453
460
479
482

First 200 - B
3
4
5
8
10
19
35
37
39
42
43
44
45
57
59
74
75
90
94
96
110
111
113
117
128
134
142
143
145
149
164
165
166
166
174
183
196
197
200
203
209
234
236
239
250
256
259
261
265
265

First 300 - B
0
3
4
5
5
8
10
19
35
35
37
39
42
43
44
45
49
57
59
74
75
79
84
87
90
94
96
100
105
110
111
113
117
128
134
142
143
145
146
149
164
165
166
166
174
183
196
197
200
202

First 200 - C
0
9
12
23
29
29
32
37
42
46
47
60
64
75
78
83
86
86
91
95
95
99
99
100
104
108
110
110
119
124
133
136
140
140
141
143
144
144
144
145
151
156
159
164
165
169
178
185
187
189

First 400 - C
0
0
7
9
12
12
12
13
22
23
25
27
29
29
32
33
37
38
42
43
45
46
47
49
52
57
60
60
63
64
64
67
72
75
78
83
86
86
91
93
95
95
99
99
100
102
104
108
110
110

First 600 - C
0
0
4
7
9
11
12
12
12
13
22
23
25
27
29
29
32
33
37
38
39
41
42
43
44
45
46
46
47
49
52
54
55
56
57
60
60
61
63
64
64
67
72
75
75
78
80
83
85
86


k = 100:

First 50 - A
4
9
33
41
43
88
135
211
216
251
276
311
329
358
378
420
440
459
459
468
470
475
507
544
555
590
599
611
616
641
649
661
701
709
716
732
741
769
769
789
790
813
813
841
861
902
924
933
971
978
1010

First 100 - A
4
9
33
34
40
41
43
44
46
50
55
67
88
90
108
119
135
137
150
184
211
216
226
233
251
263
273
276
285
309
311
317
329
334
358
378
384
406
420
432
440
452
452
459
459
468
470
475
507
534
544
548
555
576
590
599
608
611
612
616
623
641
649
657
658
661
675
700
701
709
716
732
741
748
757
758
769
769
778
789
790
794
798
813
813
817
840
841
842
861
865
902
924
933
952
971
978
983
1007
1010

First 150 - A
4
9
33
34
40
41
43
44
46
50
55
67
77
88
90
103
105
108
108
119
135
137
150
156
184
185
210
211
215
216
223
226
228
233
241
251
263
273
276
285
289
306
309
311
314
314
317
329
334
335
355
358
370
376
378
384
402
406
414
420
432
440
452
452
452
459
459
468
470
475
477
487
507
524
534
544
548
551
555
562
566
576
590
599
608
610
611
612
616
623
641
644
646
649
657
658
659
661
675
693

First 100 - B
3
5
19
44
45
57
59
74
75
90
94
96
113
128
134
142
143
164
165
203
209
234
239
256
265
271
277
303
311
320
326
333
346
354
355
365
376
380
381
382
393
403
409
410
423
444
453
460
479
482
484
485
487
507
520
531
543
554
572
600
607
618
624
630
630
647
654
664
676
681
687
697
700
730
730
744
749
754
758
773
780
795
796
806
807
813
813
816
826
840
867
891
900
915
926
941
944
952
959
970

First 200 - B
3
4
5
8
10
19
35
37
39
42
43
44
45
57
59
74
75
90
94
96
110
111
113
117
128
134
142
143
145
149
164
165
166
166
174
183
196
197
200
203
209
234
236
239
250
256
259
261
265
265
271
271
277
296
297
303
307
311
320
324
326
333
333
337
345
346
353
354
355
358
365
367
370
376
380
381
381
382
393
395
403
409
410
415
423
426
444
453
460
471
479
482
482
484
485
487
507
517
520
527

First 300 - B
0
3
4
5
5
8
10
19
35
35
37
39
42
43
44
45
49
57
59
74
75
79
84
87
90
94
96
100
105
110
111
113
117
128
134
142
143
145
146
149
164
165
166
166
174
183
196
197
200
202
203
209
224
224
226
234
236
236
238
239
241
246
250
256
259
260
261
265
265
271
271
273
277
296
297
298
303
307
311
319
319
320
324
326
328
333
333
333
336
337
343
345
346
348
353
354
355
355
358
365

First 200 - C
0
9
12
23
29
29
32
37
42
46
47
60
64
75
78
83
86
86
91
95
95
99
99
100
104
108
110
110
119
124
133
136
140
140
141
143
144
144
144
145
151
156
159
164
165
169
178
185
187
189
215
220
228
231
232
244
247
248
250
252
257
261
266
269
274
275
276
281
290
293
294
295
297
307
316
321
333
341
345
350
351
352
358
361
378
390
411
424
427
451
457
461
461
465
465
471
480
486
489
503

First 400 - C
0
0
7
9
12
12
12
13
22
23
25
27
29
29
32
33
37
38
42
43
45
46
47
49
52
57
60
60
63
64
64
67
72
75
78
83
86
86
91
93
95
95
99
99
100
102
104
108
110
110
119
124
133
134
136
139
140
140
140
141
141
143
144
144
144
145
151
154
156
158
159
160
160
164
165
166
169
176
176
178
185
185
187
189
197
205
208
214
215
215
218
220
222
228
231
232
235
236
243
244

First 600 - C
0
0
4
7
9
11
12
12
12
13
22
23
25
27
29
29
32
33
37
38
39
41
42
43
44
45
46
46
47
49
52
54
55
56
57
60
60
61
63
64
64
67
72
75
75
78
80
83
85
86
86
88
91
93
95
95
96
96
99
99
100
102
104
108
110
110
119
120
124
133
134
136
139
140
140
140
140
141
141
142
143
144
144
144
145
151
151
154
156
158
159
160
160
163
164
165
166
169
169
170

